3C84 03 19 48.160 +41 30 42.10600 2000.0
J2202+42 22 02 43.291 +42 16 39.97987 2000.0
J1613+34 16 13 41.064 +34 12 47.90889 2000.0
J2308+09 23 08 44.172 +09 46 26.11094 2000.0
J2310+10 23 10 28.518 +10 55 30.69675 2000.0
NGC7469 23 03 15.620 +08 52 26.10000 2000.0
GS2023+3 20 24 03.830 +33 52 02.20000 2000.0
2001+304 20 03 30.244 +30 34 30.78848 2000.0
2018+282 20 20 45.870 +28 26 59.18961 2000.0
0951+692 09 55 24.775 +69 01 13.70255 2000.0
0951+693 09 55 33.173 +69 03 55.06104 2000.0
0951cent 09 55 29.000 +69 02 34.70000 2000.0
1038+528 10 41 46.782 +52 33 28.23127 2000.0
1038+529 10 41 48.898 +52 33 55.60790 2000.0
1600+432 16 01 40.444 +43 16 47.75702 2000.0
J0854+20 08 54 48.874 +20 06 30.64088 2000.0
J2148+06 21 48 05.458 +06 57 38.60422 2000.0
J2136+00 21 36 38.586 +00 41 54.21285 2000.0
J0316+41 03 16 42.978 +41 19 29.61620 2000.0
J0612+41 06 12 51.185 +41 22 37.40817 2000.0
J0310+38 03 10 49.879 +38 14 53.83790 2000.0
3C48 01 37 41.2994 +33 09 35.13400 2000.0
J0137-2430 01 37 38.346445 -24 30 53.88553 2000.0
J0137+0923 01 37 51.093801 +09 23 19.13172 2000.0
J0136-1335 01 36 58.745228 -13 35 34.58575 2000.0
1920+154 19 22 34.6993 +15 30 10.0320 2000.0
GRS1915 19 15 11.79 +10 56 45.7000 2000.0
cygnusX3 20 32 25.78 +40 57 27.9000 2000.0
cygcal1 20 30 39.80 +41 23 31.8200 2000.0
cygcal2 20 32 14.51 +40 42 28.1500 2000.0
19131307 19 13 14.0064 +13 07 47.336 2000.0
17510939 17 51 32.8186 +09 39 00.728 2000.0
3C286 13 31 08.288 +30 30 32.960 2000.0
J1329+31 13 29 52.86491586 +31 54 11.0544317  2000.0
LS5039 18 26 15.0561 -14 50 54.249 2000.0
1822-173 18 25 36.532 -17 18 49.852 2000.0
LSI61303 02 40 31.664 +61 13 45.591 2000.0
0241+622 02 44 57.696 +62 28 06.514 2000.0
ScoX-1 16 19 55.068 -15 38 25.020 2000.0
1619-181 16 19 16.681 -18 17 21.700 2000.0
1625-141 16 28 46.6197 -14 15 41.886 2000.0
SS433 19 11 49.564 +04 58 57.824 2000.0
1858+031 18 58 02.352 +03 13 16.311 2000.0
1910+052 19 12 54.260 +05 18 01.10 2000.0
CygX-1 19 58 21.67570 +35 12 5.7840 2000.0
1955+335 19 57 40.54990 +33 38 27.9430 2000.0  0  0  0  0
1951+355 19 53 30.87570 +35 37 59.3590 2000.0
2003+303 20 03 30.2440543   +30 34 30.7886003  2000.0 
CygX-3 20 32 25.78 +40 57 27.9 2000.0
2016+386 20 18 31.070 +38 51 20.20 2000.0
XTE0421 04 19 42.1355996520 +55 59 57.706599192 2000.0
0421Cal 04 19 19.41293633 +57 22 59.9840522 2000.0
XTE1118 11 18 10.7930420496 +48 02 12.314730120 2000.0
1118Cal 11 26 57.65496828 +45 16 06.2845898 2000.0
XTE1748 17 48 05.060 -28 28 25.80 2000.0
1748Cal 17 44 23.57832790 -31 16 36.2930587 2000.0
XTE1859 18 58 41.580 +22 39 29.40 2000.0
1859Cal 19 05 36.47209537 +19 43 08.0450100 2000.0
V407Cyg 21 02 09.8189024184 +45 46 32.733603228 2000.0
V407Cal 21 20 31.77414308 +44 34 34.2655623 2000.0
V4641Sgr 18 19 21.6343259256 -25 24 25.849595952 2000.0
V4641Cal 18 20 57.84869964 -25 28 12.5840414 2000.0
GRO0422 04 21 42.7227473352 +32 54 26.939156184 2000.0
0422Cal 04 28 05.80875891 +32 59 52.0442031 2000.0
A0620-00 06 22 44.5423857312 -00 20 44.290460544 2000.0
A0620Cal 06 13 35.91447300 -00 08 33.7435100 2000.0
HESS0632 06 32 59.2566076656 +05 48 01.160755848 2000.0
0632Cal 06 43 26.44500507 +08 57 38.0125240 2000.0
3C147 05 42 36.16 +49 51 07.2 2000.0
3C295 14 11 20.467 +52 12 09.52 2000.0
W3OH 02 27 04.69 +61 52 25.6 2000.0
G09.621 18 06 14.67 -20 31 32.400 2000.0
SwiJ1727 17 27 43.31 -16 12 19.23 2000.0
NRAO530 17 33 02.70578907 -13 04 49.5482119 2000.0
SN2023IX 14 03 38.5620 +54 18 41.940 2000.0
J1359+55 13 59 05.7434 +55 44 29.383 2000.0
J2042-01 20 42 48.6952 -01 49 09.795 2000.0
AEAqr 20 40 09.2665 -00 52 14.761 2000.0
IGR17091 17 09 07.61 -36 24 25.7 2000.0
J1733-37 17 33 15.19309160 -37 22 32.3976135 2000.0
3C196 	08	13	36.06	+48	13	02.7 2000.0
3C380 	18	29	31.72	+48	44	46.9 2000.0
3C123 	04 37 04.37510272      +29 40 13.8184969 2000.0 
3C138 	05 21 09.88592749      +16 38 22.0517668 2000.0  
3C454.3 22 53 57.748   +16 08 53.56093   2000.0 
3C345   16 42 58.8099 +39 48 36.993 2000.0
SIGMAGEM 07 43 18.72769 +28 53 00.6318 2000.0  0  0  0  0
J0740+28 07 40 33.54383 +28 52 47.2468 2000.0  0  0  0  0
J0539-05   05 39 59.9372  -05 14 41.301  2000.0  0  0  0  0
J0529-05   05 29 53.5335  -05 19 41.616  2000.0  0  0  0  0
J0311+41 03 11 32.53218 +41 34 24.4553 2000.0  0  0  0  0
G353 17 26  1.59000 -34 15 14.9000 2000.0  0  0  0  0
J1717-33  17 17 36.02929270    -33 42 08.8296186    2000.0  0  0  0  0
XTS2325     23 25 59.28          58 42 43.2          2000.0 0 0 0 0
J2322+61    23 22 42.58022600    61 53 11.7685000    2000.0 0 0 0 0
CasA  23 23 27.9505  +58 48 42.405  2000.0 0 0 0 0
