J0010+10 00 10 31.006 +10 58 29.50451 2000.0
J0011+70 00 11 31.903 +70 45 31.62572 2000.0
J0013+40 00 13 31.130 +40 51 37.14409 2000.0
J0013-04 00 13 54.131 -04 23 52.29438 2000.0
J0017+81 00 17 08.475 +81 35 08.13654 2000.0
J0046+24 00 46 07.826 +24 56 32.52438 2000.0
J0117-21 01 17 48.780 -21 11 06.63314 2000.0
J0118-21 01 18 57.262 -21 41 30.13996 2000.0
J0121+11 01 21 41.595 +11 49 50.41311 2000.0
J0126+25 01 26 42.793 +25 59 01.30014 2000.0
J0136+47 01 36 58.595 +47 51 29.10005 2000.0
J0200+03 02 00 40.816 +03 22 49.50724 2000.0
J0217+73 02 17 30.813 +73 49 32.62175 2000.0
J0222+43 02 22 39.611 +43 02 07.79888 2000.0
J0224+06 02 24 28.428 +06 59 23.34155 2000.0
J0231+13 02 31 45.894 +13 22 54.71628 2000.0
J0232+26 02 32 27.623 +26 28 38.59055 2000.0
J0239-02 02 39 45.472 -02 34 40.91438 2000.0
J0242+11 02 42 29.171 +11 01 00.72799 2000.0
J0253+51 02 53 57.608 +51 02 56.45581 2000.0
J0303+47 03 03 35.242 +47 16 16.27546 2000.0
J0309+10 03 09 03.623 +10 29 16.34096 2000.0
J0310-08 03 10 02.049 -08 23 39.29786 2000.0
J0322+66 03 22 27.229 +66 10 28.30011 2000.0
J0325+22 03 25 36.814 +22 24 00.36559 2000.0
J0329+35 03 29 15.355 +35 10 05.99100 2000.0
J0340-21 03 40 35.608 -21 19 31.17202 2000.0
J0343-25 03 43 19.524 -25 30 17.40302 2000.0
J0408-05 04 08 59.650 -05 29 40.53958 2000.0
J0409-12 04 09 05.770 -12 38 48.14376 2000.0
J0423-01 04 23 15.801 -01 20 33.06543 2000.0
J0424+02 04 24 08.562 +02 04 24.96412 2000.0
J0429+27 04 29 52.961 +27 24 37.87632 2000.0
J0432-16 04 32 29.082 -16 14 5.66929 2000.0
J0438+30 04 38 04.948 +30 04 45.51789 2000.0
J0443+34 04 43 31.635 +34 41 06.66405 2000.0
J0442-00 04 42 38.661 -00 17 43.42039 2000.0
J0449+63 04 49 23.311 +63 32 09.43398 2000.0
J0501-01 05 01 12.810 -01 59 14.25625 2000.0
J0509+05 05 09 25.964 +05 41 35.33334 2000.0
J0518+20 05 18 03.825 +20 54 52.49745 2000.0
J0521+21 05 21 45.966 +21 12 51.45172 2000.0
J0529-05 05 29 53.533 -05 19 41.61678 2000.0
J0541+53 05 41 16.174 +53 12 24.83496 2000.0
J0541-05 05 41 38.083 -05 41 49.42843 2000.0
J0555+39 05 55 30.806 +39 48 49.16498 2000.0
J0603-17 06 03 57.732 -17 16 28.21850 2000.0
J0605+40 06 05 50.855 +40 30 08.10370 2000.0
J0607-08 06 07 59.699 -08 34 49.97817 2000.0
J0614+60 06 14 23.866 +60 46 21.75592 2000.0
J0620-25 06 20 32.117 -25 15 17.48547 2000.0
J0623+22 06 23 17.812 +22 41 35.76590 2000.0
J0639+73 06 39 21.961 +73 24 58.04071 2000.0
J0641-03 06 41 51.133 -03 20 48.58248 2000.0
J0656-03 06 56 11.121 -03 23 06.78240 2000.0
J0702+26 07 02 31.791 +26 44 11.02760 2000.0
J0713+19 07 13 55.679 +19 35 00.40879 2000.0
J0750+82 07 50 57.756 +82 41 58.03192 2000.0
J0756-15 07 56 50.699 -15 42 05.43646 2000.0
J0805+61 08 05 18.180 +61 44 23.70061 2000.0
J0805-01 08 05 12.888 -01 11 13.79525 2000.0
J0830+24 08 30 52.086 +24 10 59.82039 2000.0
J0847-05 08 47 58.725 -05 20 33.90046 2000.0
J0853+67 08 53 34.324 +67 22 15.66120 2000.0
J0858-19 08 58 05.363 -19 50 36.93507 2000.0
J0903+67 09 03 53.155 +67 57 22.68588 2000.0
J0931+14 09 31 05.342 +14 14 16.51898 2000.0
J0941-13 09 41 02.549 -13 35 50.98440 2000.0
J0954+17 09 54 56.824 +17 43 31.22223 2000.0
J0957-13 09 57 18.183 -13 50 01.17639 2000.0
J1013+34 10 13 49.614 +34 45 50.78355 2000.0
J1023+39 10 23 11.566 +39 48 15.38542 2000.0
J1029-18 10 29 33.098 -18 52 50.28897 2000.0
J1037-29 10 37 16.080 -29 34 02.81333 2000.0
J1056+70 10 56 53.618 +70 11 45.91566 2000.0
J1057-23 10 57 24.421 -23 42 01.71128 2000.0
J1120-27 11 20 16.192 -27 19 06.36556 2000.0
J1121-07 11 21 42.123 -07 11 06.34119 2000.0
J1127-18 11 27 04.392 -18 57 17.44167 2000.0
J1136-03 11 36 24.577 -03 30 29.49654 2000.0
J1135-04 11 35 58.235 -04 28 27.88713 2000.0
J1146+39 11 46 58.298 +39 58 34.30445 2000.0
J1152-08 11 52 17.210 -08 41 03.31380 2000.0
J1153+80 11 53 12.499 +80 58 29.15457 2000.0
J1205-26 12 05 33.212 -26 34 04.46361 2000.0
J1221-02 12 21 23.941 -02 41 49.60909 2000.0
J1239+07 12 39 24.588 +07 30 17.18924 2000.0
J1252-33 12 52 58.397 -33 19 59.56056 2000.0
J1254-20 12 54 37.256 -20 00 56.40883 2000.0
J1308-24 13 08 32.727 -24 58 32.40851 2000.0
J1318-06 13 18 33.709 -06 07 23.82094 2000.0
J1327+22 13 27 00.861 +22 10 50.16294 2000.0
J1339-24 13 39 01.746 -24 01 14.00533 2000.0
J1345-30 13 45 51.520 -30 15 04.59343 2000.0
J1351-29 13 51 46.839 -29 12 17.65067 2000.0
J1354-02 13 54 06.895 -02 06 03.19045 2000.0
J1400-18 14 00 03.866 -18 58 11.08637 2000.0
J1409-26 14 09 50.170 -26 57 36.97995 2000.0
J1421-19 14 21 36.958 -19 31 18.85128 2000.0
J1454-25 14 54 46.699 -25 05 12.49159 2000.0
J1505+03 15 05 06.477 +03 26 30.81264 2000.0
J1504+10 15 04 24.980 +10 29 39.19858 2000.0
J1510-05 15 10 53.591 -05 43 07.41740 2000.0
J1516+00 15 16 40.219 +00 15 01.90895 2000.0
J1517-24 15 17 41.813 -24 22 19.47603 2000.0
J1537-15 15 37 41.573 -15 27 12.49989 2000.0
J1540+14 15 40 49.492 +14 47 45.88482 2000.0
J1549+50 15 49 17.469 +50 38 05.78820 2000.0
J1553-24 15 53 31.628 -24 22 06.03531 2000.0
J1557-00 15 57 51.434 -00 01 50.41370 2000.0
J1605-11 16 05 17.532 -11 39 26.83089 2000.0
J1603+15 16 03 38.062 +15 54 02.35521 2000.0
J1606+31 16 06 08.518 +31 24 46.45780 2000.0
J1616+46 16 16 03.767 +46 32 25.23927 2000.0
J1617-19 16 17 27.093 -19 41 32.01886 2000.0
J1625-25 16 25 46.892 -25 27 38.32680 2000.0
*J1628-14 16 28 46.620 -14 15 41.88796 2000.0
J1638-14 16 38 45.285 -14 15 50.23770 2000.0
J1637+47 16 37 45.131 +47 17 33.83104 2000.0
J1641+22 16 41 25.228 +22 57 04.03274 2000.0
J1643-23 16 43 33.391 -23 16 07.85876 2000.0
J1644-18 16 44 35.747 -18 04 32.45978 2000.0
J1656-02 16 56 56.118 -02 06 49.52012 2000.0
J1658+05 16 58 33.447 +05 15 16.44402 2000.0
J1707-14 17 07 20.391 -14 15 23.12812 2000.0
J1707+01 17 07 34.415 +01 48 45.69928 2000.0
J1707+13 17 07 45.637 +13 31 05.23297 2000.0
J1710-03 17 10 17.205 -03 55 50.12873 2000.0
J1716-04 17 16 26.488 -04 52 11.94512 2000.0
J1718-28 17 18 49.380 -28 50 41.09931 2000.0
J1728+12 17 28 07.051 +12 15 39.48547 2000.0
J1728-03 17 28 50.235 -03 50 50.43560 2000.0
J1737+06 17 37 13.729 +06 21 03.57213 2000.0
J1735+36 17 35 48.087 +36 16 45.61149 2000.0
J1740+52 17 40 36.978 +52 11 43.40743 2000.0
J1746+62 17 46 14.034 +62 26 54.73839 2000.0
J1752-10 17 52 36.974 -10 11 44.73166 2000.0
J1756-14 17 56 25.862 -14 27 9.56435 2000.0
J1800+38 18 00 24.765 +38 48 30.69752 2000.0
J1808-21 18 08 06.848 -21 24 45.00973 2000.0
J1824+10 18 24 02.855 +10 44 23.77402 2000.0
J1824+01 18 24 48.143 +01 19 34.20208 2000.0
J1830+06 18 30 05.940 +06 19 15.95216 2000.0
J1832+13 18 32 43.471 +13 57 44.40063 2000.0
J1832+28 18 32 50.186 +28 33 35.95530 2000.0
J1845-28 18 45 51.368 -28 52 40.27631 2000.0
J1847+08 18 47 12.660 +08 10 35.38793 2000.0
J1848+32 18 48 22.089 +32 19 02.60378 2000.0
J1854-15 18 54 04.332 -15 39 13.19984 2000.0
J1905-11 19 05 28.588 -11 53 32.41592 2000.0
J1912-08 19 12 07.129 -08 04 21.90213 2000.0
J1916-15 19 16 52.511 -15 19 0.07128 2000.0
J1928+08 19 28 40.855 +08 48 48.41295 2000.0
J1939-15 19 39 26.658 -15 25 43.05841 2000.0
J1951-05 19 51 47.468 -05 09 43.96241 2000.0
J1954-11 19 54 41.156 -11 23 22.64183 2000.0
J1955+13 19 55 11.571 +13 58 16.24103 2000.0
J2005-18 20 05 17.293 -18 22 03.32300 2000.0
J2011-15 20 11 15.711 -15 46 40.25372 2000.0
J2009+72 20 09 52.304 +72 29 19.35101 2000.0
J2018+08 20 18 11.312 +08 31 54.54739 2000.0
J2036-21 20 36 51.173 -21 46 36.74930 2000.0
J2054-20 20 54 22.072 -20 16 16.81930 2000.0
J2109+35 21 09 31.879 +35 32 57.59761 2000.0
J2114+28 21 14 58.334 +28 32 57.19705 2000.0
J2115+29 21 15 29.413 +29 33 38.36697 2000.0
J2123+55 21 23 05.313 +55 00 27.32532 2000.0
J2130-09 21 30 19.088 -09 27 37.43515 2000.0
J2134-01 21 34 10.310 -01 53 17.23881 2000.0
J2138-18 21 38 41.929 -18 10 44.37559 2000.0
J2145+11 21 45 18.775 +11 15 27.31227 2000.0
J2218+15 22 18 10.914 +15 20 35.71754 2000.0
J2226+00 22 26 46.537 +00 52 11.33148 2000.0
J2236-17 22 36 09.523 -17 06 21.97324 2000.0
J2236+73 22 36 38.597 +73 22 52.66230 2000.0
J2246-12 22 46 18.232 -12 06 51.27751 2000.0
J2337-02 23 37 57.339 -02 30 57.62921 2000.0
J2354-15 23 54 30.195 -15 13 11.21290 2000.0
J2356+81 23 56 22.794 +81 52 52.25522 2000.0
J0152+01 01 52 39.611 +01 47 17.38300 2000.0
J0349-11 03 49 23.180 -11 59 27.00000 2000.0
J0416+01 04 16 52.495 +01 05 23.89900 2000.0
J0550-32 05 50 40.570 -32 16 16.48500 2000.0
J0232+20 02 32 48.615 +20 17 17.47700 2000.0
0747+185 07 50 00.330 +18 23 11.40714 2000.0
J2007+40 20 07 44.945 +40 29 48.60420 2000.0
J2007FRG 20 07 44.945 +40 29 48.60420 2000.0
W75N 20 38 36.490 +42 37 34.30000 2000.0
J0927+39 09 27 03.014 +39 02 20.85184 2000.0
0923+392 09 27 03.014 +39 02 20.85177 2000.0
M81 09 55 33.173 +69 03 55.06083 2000.0
1044+719 10 48 27.620 +71 43 35.93838 2000.0
0954+658 09 58 47.245 +65 33 54.81802 2000.0
J0955+69 09 55 51.552 +69 40 45.78262 2000.0
J1229+02 12 29 06.700 +02 03 08.59808 2000.0
J0832+18 08 32 16.040 +18 32 12.13270 2000.0
J0808+49 08 08 39.666 +49 50 36.53044 2000.0
J0832+49 08 32 23.216 +49 13 21.03817 2000.0
J0946+10 09 46 35.069 +10 17 06.13447 2000.0
J0914+02 09 14 37.913 +02 45 59.24647 2000.0
J1008+06 10 08 00.816 +06 21 21.21600 2000.0
J0835+18 08 35 49.429 +18 25 20.20000 2000.0
J0839+51 08 39 46.204 +51 12 02.88000 2000.0
J0940+05 09 40 04.812 +05 26 30.82000 2000.0
J1642+39 16 42 58.810 +39 48 36.99389 2000.0
J1640+39 16 40 29.633 +39 46 46.02842 2000.0
J1653+39 16 53 52.217 +39 45 36.60888 2000.0
J1430+42 14 30 23.740 +42 04 36.52000 2000.0
J1510+57 15 10 02.964 +57 02 43.62000 2000.0
J1548+33 15 48 23.979 +33 34 59.78000 2000.0
J1434+42 14 34 05.694 +42 03 15.99147 2000.0
J1510+57 15 10 02.922 +57 02 43.37595 2000.0
J1544+32 15 44 05.657 +32 40 48.32057 2000.0
J1419+38 14 19 46.614 +38 21 48.47505 2000.0
J1522+31 15 22 09.992 +31 44 14.38197 2000.0
J2253+16 22 53 57.748 +16 08 53.56093 2000.0
3C84 03 19 48.160 +41 30 42.10600 2000.0
J2202+42 22 02 43.291 +42 16 39.97987 2000.0
J1613+34 16 13 41.064 +34 12 47.90889 2000.0
J2308+09 23 08 44.172 +09 46 26.11094 2000.0
J2310+10 23 10 28.518 +10 55 30.69675 2000.0
NGC7469 23 03 15.620 +08 52 26.10000 2000.0
GS2023+3 20 24 03.830 +33 52 02.20000 2000.0
2001+304 20 03 30.244 +30 34 30.78848 2000.0
2018+282 20 20 45.870 +28 26 59.18961 2000.0
0951+692 09 55 24.775 +69 01 13.70255 2000.0
0951+693 09 55 33.173 +69 03 55.06104 2000.0
0951cent 09 55 29.000 +69 02 34.70000 2000.0
1038+528 10 41 46.782 +52 33 28.23127 2000.0
1038+529 10 41 48.898 +52 33 55.60790 2000.0
1600+432 16 01 40.444 +43 16 47.75702 2000.0
J0854+20 08 54 48.874 +20 06 30.64088 2000.0
J2148+06 21 48 05.458 +06 57 38.60422 2000.0
J2136+00 21 36 38.586 +00 41 54.21285 2000.0
J0316+41 03 16 42.978 +41 19 29.61620 2000.0
J0612+41 06 12 51.185 +41 22 37.40817 2000.0
J0310+38 03 10 49.879 +38 14 53.83790 2000.0
3C48 01 37 41.2994 +33 09 35.13400 2000.0
1920+154 19 22 34.6993 +15 30 10.0320 2000.0
GRS1915 19 15 11.79 +10 56 45.7000 2000.0
cygnusX3 20 32 25.78 +40 57 27.9000 2000.0
cygcal1 20 30 39.80 +41 23 31.8200 2000.0
cygcal2 20 32 14.51 +40 42 28.1500 2000.0
19131307 19 13 14.0064 +13 07 47.336 2000.0
17510939 17 51 32.8186 +09 39 00.728 2000.0
3C286 13 31 08.288 +30 30 32.960 2000.0
LS5039 18 26 15.0561 -14 50 54.249 2000.0
1822-173 18 25 36.532 -17 18 49.852 2000.0
LSI61303 02 40 31.664 +61 13 45.591 2000.0
0241+622 02 44 57.696 +62 28 06.514 2000.0
ScoX-1 16 19 55.068 -15 38 25.020 2000.0
1619-181 16 19 16.681 -18 17 21.700 2000.0
1625-141 16 28 46.6197 -14 15 41.886 2000.0
SS433 19 11 49.564 +04 58 57.824 2000.0
1858+031 18 58 02.352 +03 13 16.311 2000.0
1910+052 19 12 54.260 +05 18 01.10 2000.0
CygX-1 19 58 21.67570 +35 12 5.7840 2000.0
1951+355 19 53 30.87570 +35 37 59.3590 2000.0
CygX-3 20 32 25.78 +40 57 27.9 2000.0
2016+386 20 18 31.070 +38 51 20.20 2000.0
XTE0421 04 19 42.1355996520 +55 59 57.706599192 2000.0
0421Cal 04 19 19.41293633 +57 22 59.9840522 2000.0
XTE1118 11 18 10.7930420496 +48 02 12.314730120 2000.0
1118Cal 11 26 57.65496828 +45 16 06.2845898 2000.0
XTE1748 17 48 05.060 -28 28 25.80 2000.0
1748Cal 17 44 23.57832790 -31 16 36.2930587 2000.0
XTE1859 18 58 41.580 +22 39 29.40 2000.0
1859Cal 19 05 36.47209537 +19 43 08.0450100 2000.0
V407Cyg 21 02 09.8189024184 +45 46 32.733603228 2000.0
V407Cal 21 20 31.77414308 +44 34 34.2655623 2000.0
V4641Sgr 18 19 21.6343259256 -25 24 25.849595952 2000.0
V4641Cal 18 20 57.84869964 -25 28 12.5840414 2000.0
GRO0422 04 21 42.7227473352 +32 54 26.939156184 2000.0
0422Cal 04 28 05.80875891 +32 59 52.0442031 2000.0
A0620-00 06 22 44.5423857312 -00 20 44.290460544 2000.0
A0620Cal 06 13 35.91447300 -00 08 33.7435100 2000.0
HESS0632 06 32 59.2566076656 +05 48 01.160755848 2000.0
0632Cal 06 43 26.44500507 +08 57 38.0125240 2000.0
3C147 05 42 36.16 +49 51 07.2 2000.0
3C295 14 11 20.467 +52 12 09.52 2000.0
W3OH 02 27 04.69 +61 52 25.6 2000.0
SwiJ1727 17 27 43.31 -16 12 19.23 2000.0
J1733-13 17 33 02.70578907 -13 04 49.5482119 2000.0
SN2023IX 14 03 38.5620 +54 18 41.940 2000.0
J1359+55 13 59 05.7434 +55 44 29.383 2000.0
J2042-01 20 42 48.6952 -01 49 09.795 2000.0
AEAqr 20 40 09.2665 -00 52 14.761 2000.0
IGR17091 17 09 07.61 -36 24 25.7 2000.0
J1733-37 17 33 15.19309160 -37 22 32.3976135 2000.0
3C196 08 13 36.06 +48 13 02.7 2000.0
       
